0.7871954847026185
0.5404367848556494
0.5404019051004776
0.5403437779426292
0.5402624120323416
0.5401578194752444
0.5400300158311443
0.5398790201082766
0.5397048547586976
0.5395075456711652
0.5392871221653991
0.5390436169828627
0.5387770662780222
0.5384875096083364
0.5381749899233106
0.5378395535526247
0.5374812501935269
0.5371001328962834
0.5366962580508661
0.5362696853704649
0.5358204778752985
0.5353487018752723
0.5348544269517503
0.5343377259384465
0.533798674901445
0.5332373531183552
0.5326538430566152
0.5320482303509471
0.5314206037799774
0.5307710552420317
0.5300996797301123
0.5294065753060704
0.5286918430741833
0.5279555871529336
0.5271979146480891
0.5264189356228991
0.5256187630686305
0.5247975128741453
0.5239553037947537
0.5230922574203565
0.5222084981428888
0.5213041531230822
0.5203793522565527
0.5194342281392346
0.51846891603217
0.5174835538256706
0.5164782820028658
0.5154532436026502
0.5144085841820493
0.5133444517780137
0.5122609968686611
0.5111583723339793
0.5100367334160067
0.5088962376785067
0.5077370449661495
0.5065593173632218
0.5053632191518753
0.5041489167699352
0.5029165787682821
0.5016663757678245
0.5003984804160805
0.4991130673433814
0.4978103131187196
0.4964903962052519
0.4951534969156772
0.49379979736630614
0.4924294814328639
0.49104273470397025
0.48963974443540026
0.48822069950389696
0.48678579036075925
0.4853352089852272
0.4838691488376785
0.4823878048126537
0.48089137319172814
0.47938005159624786
0.4778540389399452
0.47631353538145144
0.47475874227672515
0.47318986213141034
0.47160709855314353
0.4700106562038245
0.46840074075186877
0.4667775588244578
0.4651413179598036
0.4634922265594426
0.46183049384057673
0.46015632978847804
0.4584699451089695
0.4567715511810014
0.45506136000933806
0.4533395841773682
0.451606436800057
0.4498621314770529
0.4481068822459652
0.44634090353582795
0.44456441012076164
0.4427776170738507
0.44098073972124857
0.4391739935965253
0.43735759439527233
0.43553175792997406
0.43369670008516525
0.43185263677288366
0.42999978388843013
0.428138357266453
0.42626857263736323
0.4243906455840986
0.422504791499244
0.4206112255425225
0.4187101625986663
0.41680181723568155
0.41488640366351515
0.41296413569313617
0.4110352266960398
0.4090998895641883
0.4071583366703939
0.4052107798291553
0.4032574302579591
0.4012984985390513
0.39933419458169017
0.39736472758488806
0.3953903060006521
0.39341113749772705
0.3914274289260788
0.38943938628076624
0.38744721466861515
0.385451118273137
0.3834513003211404
0.38144796304965745
0.37944130767342216
0.37743153435290744
0.37541884216292576
0.37340342906179746
0.3713854918609295
0.3693652261957981
0.3673428264960043
0.36531848595681077
0.3632923965119936
0.3612647488058796
0.3592357321667729
0.3572055345808208
0.35517434266648096
0.3531423416495932
0.3511097153390548
0.3490766461031063
0.3470433148462241
0.34500990098662365
0.34297658243437423
0.340943535570125
0.33891093522444404
0.33687895465776874
0.33484776554096923
0.3328175379365244
0.3307884402803085
0.3287606393639889
0.32673430031803363
0.32470958659532745
0.32268665995539514
0.32066568044922905
0.318646806404722
0.31663019441269946
0.3146159993135519
0.31260437418446263
0.3105954703272303
0.30858943725668087
0.3065864226896677
0.3045865725346557
0.30259003088188596
0.30059693999411674
0.29860744029793823
0.29662167037565523
0.2946397669577352
0.29266186491581614
0.2906880972562692
0.2887185951143135
0.28675348774867604
0.28479290253679224
0.28283696497054245
0.28088579865251884
0.27893952529281724
0.27699826470634725
0.27506213481065694
0.27313125162426466
0.2712057292654926
0.26928567995179564
0.2673712139995799
0.2654624398245044
0.2635594639422587
0.26166239096981175
0.25977132362712285
0.2578863627393115
0.2560076072392753
0.25413515417075205
0.2522690986918189
0.25040953407881955
0.24855655173071442
0.24671024117384638
0.24487069006711396
0.24303798420754585
0.2412122075362684
0.23939344214486022
0.23758176828208466
0.2357772643609949
0.23398000696640242
0.23219007086270205
0.23040752900204706
0.22863245253286477
0.22686491080870735
0.22510497139742847
0.22335270009067973
0.22160816091371804
0.21987141613551775
0.21814252627917838
0.21642155013262238
0.21470854475957313
0.21300356551080746
0.2113066660356753
0.2096178982938758
0.2079373125674884
0.2062649574732446
0.2046008799750382
0.20294512539666415
0.20129773743477922
0.19965875817207704
0.19802822809067067
0.19640618608567464
0.1947926694789801
0.1931877140332159
0.19159135396588686
0.19000362196368506
0.18842454919696439
0.18685416533437263
0.18529249855763505
0.18373957557648055
0.18219542164370492
0.18066006057036513
0.17913351474109634
0.1776158051295458
0.17610695131391807
0.1746069714926231
0.17311588250002255
0.17163369982226773
0.17016043761322158
0.16869610871046054
0.16724072465134843
0.16579429568917803
0.16435683080937274
0.16292833774574356
0.16150882299679542
0.16009829184207733
0.15869674835856984
0.1573041954371056
0.15592063479881713
0.15454606701160506
0.15318049150662472
0.15182390659478223
0.1504763094832381
0.14913769629191131
0.14780806206997973
0.14648740081237252
0.14517570547624883
0.14387296799745855
0.14257917930698133
0.14129432934733777
0.14001840708897006
0.13875140054658713
0.13749329679546937
0.13624408198773047
0.135003741368531
0.13377225929224
0.13254961923854178
0.13133580382848295
0.1301307948404564
0.12893457322611945
0.12774711912624168
0.12656841188647913
0.12539843007307294
0.12423715148846716
0.12308455318684423
0.1219406114895748
0.12080530200057793
0.11967859962159073
0.1185604785673426
0.11745091238063271
0.1163498739473084
0.11525733551114017
0.11417326868859336
0.11309764448349205
0.11203043330157411
0.11097160496493476
0.10992112872635695
0.1088789732835257
0.10784510679312583
0.10681949688481983
0.10580211067510474
0.10479291478104694
0.10379187533389163
0.10279895799254728
0.10181412795694214
0.10083734998125206
0.09986858838699875
0.09890780707601564
0.09795496954328226
0.09701003888962423
0.0960729778342788
0.09514374872732469
0.09422231356197518
0.09330863398673359
0.09240267131741105
0.09150438654900449
0.09061374036743558
0.08973069316114901
0.08885520503257019
0.08798723580942144
0.0871267450558967
0.08627369208369368
0.08542803596290424
0.08458973553276145
0.0837587494122441
0.08293503601053812
0.08211855353735482
0.08130926001310564
0.08050711327893428
0.07971207100660513
0.07892409070824859
0.07814312974596396
0.07736914534127894
0.07660209458446703
0.07584193444372223
0.07508862177419208
0.07434211332686905
0.0736023657573405
0.07286933563439768
0.07214297944850497
0.07142325362012865
0.0707101145079265
0.0700035184167989
0.06930342160580144
0.06860978029592013
0.0679225506777099
0.06724168891879656
0.06656715117124393
0.06589889357878562
0.06523687228392341
0.06458104343489243
0.06393136319249376
0.06328778773679623
0.06265027327370726
0.06201877604141414
0.06139325231669704
0.06077365842111378
0.06015995072705806
0.05955208566369214
0.0589500197227545
0.058353709464243675
0.05776311152198019
0.05717818260904568
0.05659887952310247
0.056025159151593354
0.05545697847682288
0.054894294580921654
0.05433706465069468
0.05378524598235414
0.05323879598613932
0.052697672190822956
0.052161832248106936
0.051631233936907224
0.05110583516752998
0.050585593985739676
0.05007046857672039
0.04956041726893228
0.04905539853786328
0.048555371009677745
0.048060293464763607
0.04757012484117919
0.04708482423799992
0.046604350918568016
0.04612866431364464
0.04565772402446666
0.045191489825709245
0.044729921668355356
0.044272979682473165
0.04382062417990326
0.04337281565685634
0.04292951479642275
0.04249068247099549
0.04205627974460728
0.04162626787518357
0.041200608316712406
0.04077926272133209
0.040362192941338824
0.03994936103111454
0.039540729248976565
0.03913626005895039
0.03873591613246707
0.03833966034998531
0.037947455802541205
0.037559265793224814
0.03717505383858707
0.036794783669975614
0.03641841923480334
0.03604592469774847
0.03567726444188939
0.03531240306977379
0.03495130540442412
0.03459393649028051
0.03424026159408184
0.033890246205686335
0.03354385603883313
0.03320105703184515
0.03286181534827534
0.03252609737749651
0.03219386973523631
0.03186509926405852
0.03153975303379127
0.031217798341903892
0.030899202713832626
0.030583933903257036
0.030271959892327654
0.029963248891845994
0.029657769341398188
0.029355489909442724
0.02905637949335386
0.0287604072194211
0.028467542442806366
0.028177754747459233
0.02789101394599151
0.027607290079511924
0.02732655341742202
0.02704877445717393
0.02677392392399127
0.026501972770553658
0.026232892176646132
0.025966653548773956
0.025703228519743763
0.025442588948212504
0.02518470691820396
0.024929554738594317
0.024677104942567737
0.024427330287042377
0.024180203752067465
0.023935698540193128
0.023693788075812617
0.02345444600447843
0.02321764619219288
0.02298336272467366
0.02275156990659565
0.022522242260808883
0.02229535452753426
0.022070881663536955
0.021848798841278775
0.021629081448049717
0.021411705085079693
0.021196645566630944
0.020983878919071584
0.020773381379931607
0.020565129396940787
0.020359099627050545
0.020155268935439105
0.01995361439450115
0.019754113282822682
0.019556743084141116
0.019361481486291836
0.019168306380141262
0.018977195858506886
0.018788128215065484
0.018601081943249467
0.0184160357351317
0.018232968480300156
0.018051859264721734
0.01787268736959697
0.017695432270204918
0.017520073634739636
0.017346591323138125
0.017174965385900555
0.01700517606290264
0.016837203782201757
0.016671029158835494
0.01650663299361487
0.01634399627191134
0.016183100162438346
0.016023926016028207
0.015866455364404144
0.015710669918948122
0.01555655156946482
0.015404082382942122
0.01525324460230829
0.015104020645186442
0.014956393102646546
0.014810344737955025
0.014665858485322765
0.014522917448651283
0.014381504900278001
0.014241604279720205
0.014103199192418515
0.01396627340848005
0.01383081086142124
0.013696795646911026
0.013564212021514407
0.013433044401436405
0.013303277361267508
0.01317489563272969
0.013047884103424202
0.01292222781558074
0.012797911964808718
0.01267492189885034
0.012553243116336148
0.012432861265542898
0.012313762143154168
0.012195931693024062
0.012079356004943372
0.011964021313409765
0.01184991399640066
0.011737020574150294
0.011625327707930105
0.011514822198833244
0.011405490986563106
0.01129732114822616
0.011190299897128973
0.011084414581579952
0.010979652683695666
0.010876001818211769
0.010773449731299185
0.010671984299385038
0.010571593527978793
0.010472265550503873
0.010373988627134241
0.010276751143636893
0.010180541610219676
0.010085348660384935
0.009991161049788788
0.00989796765510647
0.009805757472903427
0.00971451961851257
0.009624243324917748
0.009534917941643111
0.009446532933649077
0.009359077880234542
0.009272542473945223
0.009186916519489026
0.009102189932657333
0.009018352739253326
0.008935395074026771
0.008853307179615442
0.008772079405493472
0.008691702206926194
0.008612166143932197
0.008533461880251876
0.00845558018232306
0.00837851191826369
0.00830224805686112
0.008226779666568892
0.008152097914510081
0.00807819406548793
0.008005059481003576
0.007932685618280772
0.007861064029297734
0.007790186359826164
0.007720044348477412
0.007650629825755654
0.007581934713118496
0.007513951022044457
0.007446670853107851
0.00738008639506067
0.007314189923921867
0.007248973802073555
0.007184430477364584
0.007120552482221304
0.0070573324327652745
0.006994763027938448
0.006932837048635276
0.006871547356842159
0.006810886894783832
0.0067508486840770245
0.0066914258248912265
0.006632611495116544
0.006574398949538511
0.006516781519020291
0.006459752609691547
0.006403305702144616
0.00634743435063759
0.006292132182304472
0.006237392896372138
0.006183210263384435
0.006129578124433056
0.006076490390395445
0.0060239410411794155
0.005971924124974782
0.005920433757511693
0.005869464121325762
0.005819009465030052
0.005769064102593618
0.005719622412626991
0.00567067883767404
0.005622227883510702
0.005574264118450221
0.00552678217265498
0.005479776737454726
0.005433242564671646
0.005387174465951449
0.005341567312101237
0.005296416032433583
0.005251715614117146
0.005207461101533238
0.0051636475956391426
0.005120270253337389
0.005077324286851199
0.005034804963106265
0.004992707603118645
0.004951027581388546
0.004909760325300412
0.0048689013145288155
0.004828446080450504
0.004788390205562189
0.004748729322904331
0.004709459115490765
0.004670575315744129
0.004632073704936984
0.004593950112638793
0.00455620041616843
0.004518820540052491
0.00448180645548906
0.004445154179817033
0.004408859775991114
0.004372919352062146
0.004337329060662827
0.004302085098498993
0.004267183705846111
0.004232621166051018
0.004198393805039169
0.0041644979908267606
0.004130930133038347
0.0040976866824294425
0.004064764130414092
0.004032159008597783
0.00399986788831511
0.0039678873801725105
0.003936214133595923
0.0039048448363833317
0.00387377621426204
0.0038430050304509526
0.0038125280852273364
0.003782342215498573
0.0037524442943783747
0.0037228312307677255
0.0036934999689403857
0.003664447488132999
0.0036356708021395056
0.003607166958912113
0.0035789330401576496
0.003550966160955785
0.003523263469364357
0.003495822146037568
0.003468639403846641
0.003441712487504882
0.0034150386731967726
0.0033886152682111974
0.0033624396105789212
0.003336509068713978
0.0033108210410591693
0.0032853729557354816
0.003260162270195523
0.00323518647088085
0.0032104430728830784
0.0031859296196090087
0.0031616436824493284
0.0031375828604512527
0.003113744779994767
0.0030901270944725568
0.0030667274839737808
0.0030435436549710593
0.0030205733400114772
0.0029978142974107606
0.002975264310951221
0.0029529211895829655
0.002930782767128679
0.002908846901991684
0.0028871114768674795
0.002865574398458477
0.0028442335971921424
0.0028230870269423114
0.002802132664753766
0.0027813685105699494
0.002760792586963967
0.0027404029388725143
0.002720197633333022
0.002700174759223873
0.0026803324270075145
0.0026606687684767477
0.0026411819365037333
0.0026218701047922084
0.0026027314676323426
0.002583764239658578
0.0025649666556103864
0.002546336970095612
0.002527873457356758
0.00250957441103997
0.0024914381439667846
0.0024734629879083364
0.002455647293362548
0.002437989429333749
0.0024204877831148206
0.00240314076007213
0.002385946783432829
0.002368904294074663
0.0023520117503184217
0.0023352676277226467
0.002318670418880872
0.002302218633221236
0.0022859107968086056
0.002269745452148711
0.0022537211579949003
0.002237836489157183
0.002222090036313268
0.002206480405822244
0.0021910062195401067
0.0021756661146376
0.0021604587434205505
0.0021453827731516225
0.002130436885874954
0.002115619778242427
0.0021009301613421653
0.002086366760528991
0.002071928315257016
0.0020576135789141547
0.002043421318658655
0.0020293503152575697
0.0020153993629270423
0.0020015672691747633
0.0019878528546441294
0.001974254952960174
0.001960772410577655
0.0019474040866305873
0.001934148852783939
0.0019210055930867723
0.0019079732038274348
0.0018950505933902585
0.0018822366821141345
0.001869530402152735
0.0018569306973363255
0.0018444365230353553
0.001832046846025713
0.001819760644355416
0.001807576907213115
0.001795494634797975
0.0017835128381913851
0.0017716305392298664
0.0017598467703798298
0.001748160574613656
0.0017365710052873087
0.0017250771260194347
0.0017136780105718892
0.001702372742731761
0.0016911604161947364
0.0016800401344499345
0.0016690110106660594
0.001658072167579008
0.0016472227373807446
0.001636461861609622
0.001625788691041852
0.0016152023855844782
0.0016047021141695325
0.0015942870546494486
0.0015839563936937851
0.0015737093266871695
0.0015635450576285044
0.0015534627990312832
0.0015434617718252837
0.0015335412052592996
0.001523700336805044
0.0015139384120623656
0.0015042546846653787
0.0014946484161899151
0.0014851188760619904
0.0014756653414674196
0.0014662870972624222
0.0014569834358855607
0.0014477536572703026
0.0014385970687591384
0.001429512985018377
0.0014205007279540155
0.0014115596266288197
0.0014026890171801715
0.0013938882427390151
0.00138515665334979
0.0013764936058912646
0.001367898463998387
0.0013593705979850475
0.001350909384767697
0.0013425142077900742
0.0013341844569485827
0.0013259195285188197
0.0013177188250828198
0.0013095817554571315
0.0013015077346220307
0.0012934961836512076
0.0012855465296426265
0.0012776582056500119
0.0012698306506152143
0.0012620633093014654
0.0012543556322272803
0.0012467070756012441
0.0012391171012576495
0.0012315851765927254
0.001224110774501807
0.001216693373317133
0.0012093324567464972
0.0012020275138124705
0.0011947780387925808
0.0011875835311599549
0.001180443495524928
0.0011733574415770888
0.0011663248840282185
0.0011593453425558942
0.001152418341747565
0.0011455434110455717
0.001138720084692636
0.0011319479016780808
0.0011252264056846421
0.0011185551450359843
0.0011119336726447512
0.0011053615459613207
0.0010988383269231006
0.001092363581904502
0.0010859368816673628
0.001079557801312225
0.0010732259202299132
0.0010669408220537763
0.0010607020946126618
0.001054509329884194
0.001048362123948746
0.0010422600769439605
0.0010362027930197846
0.001030189880293997
0.0010242209508083693
0.0010182956204852216
0.0010124135090845716
0.0010065742401617714
0.0010007774410256407
0.0009950227426971433
0.000989309779868363
0.0009836381908623119
0.0009780076175928587
0.0009724177055252909
0.0009668681036373989
0.0009613584643809652
0.0009558884436435039
0.0009504577007109279
0.000945065898230115
0.0009397127021723024
0.0009343977817967281
0.0009291208096147562
0.0009238814613544536
0.0009186794159254182
0.0009135143553842856
0.0009083859649004337
0.0009032939327221347
0.0008982379501431626
0.0008932177114697568
0.0008882329139879071
0.0008832832579311089
0.0008783684464485151
0.00087348818557336
0.0008686421841918167
0.0008638301540121421
0.0008590518095343968
0.0008543068680202106
0.0008495950494631472
0.0008449160765592427
0.0008402696746780448
0.0008356555718338756
0.0008310734986574306
0.0008265231883677763
0.0008220043767446054
0.0008175168021008949
0.0008130602052557651
0.0008086343295077422
0.0008042389206082664
0.0007998737267356593
0.0007955384984691309
0.0007912329887633103
0.0007869569529229836
0.0007827101485781422
0.0007784923356592756
0.0007743032763729879
0.0007701427351779475
0.0007660104787609325
0.000761906276013414
0.0007578298980081536
0.00075378111797628
0.000749759711284445
0.0007457654554123683
0.0007417981299306164
0.0007378575164785734
0.0007339433987427708
0.0007300555624353506
0.0007261937952728524
0.0007223578869552007
0.000718547629144965
0.0007147628154468674
0.0007110032413874097
0.0007072687043949457
0.0007035590037797243
0.0006998739407143458
0.0006962133182144238
0.0006925769411194028
0.0006889646160735297
0.0006853761515072761
0.0006818113576186712
0.0006782700463551921
0.0006747520313954125
0.0006712571281313159
0.0006677851536505122
0.0006643359267187833
0.0006609092677627846
0.0006575049988528641
0.0006541229436862916
0.0006507629275704379
0.0006474247774062728
0.0006441083216720928
0.0006408133904072045
0.0006375398151961005
0.0006342874291525757
0.0006310560669041337
0.0006278455645765173
0.0006246557597784806
0.0006214864915866014
0.0006183376005304323
0.0006152089285776788
0.0006121003191196207
0.0006090116169566158
0.000605942668283942
0.0006028933206775027
0.0005998634230800105
0.0005968528257870872
0.0005938613804336404
0.000590888939980384
0.0005879353587003901
0.0005850004921659869
0.0005820841972356255
0.0005791863320410104
0.0005763067559742608
0.00057344532967534
0.0005706019150195104
0.0005677763751050154
0.0005649685742408152
0.0005621783779345556
0.0005594056528805287
0.0005566502669479507
0.0005539120891691818
0.0005511909897281977
0.0005484868399491403
0.0005457995122850317
0.0005431288803065334
0.0005404748186909419
0.000537837203211136
0.0005352159107248756
0.000532610819163997
0.0005300218075238937
0.0005274487558529475
0.0005248915452422181
0.0005223500578152104
0.0005198241767176844
0.0005173137861076695
0.0005148187711454811
0.0005123390179839963
0.0005098744137588103
0.000507424846578803
0.0005049902055164667
0.0005025703805986432
0.0005001652627971379
0.000497774744019581
0.0004953987171002857
0.00049303707579126
0.0004906897147533009
0.0004883565295472539
0.0004860374166251413
0.0004837322733217233
0.0004814409978458098
0.00047916348927197136
0.00047689964753204527
0.00047464937340700665
0.0004724125685186972
0.00047018913532180783
0.00046797897709585586
0.0004657819979372381
0.00046359810275150155
0.00046142719724548843
0.0004592691879197457
0.0004571239820608852
0.000454991487734164
0.000452871613775915
0.0004507642697864292
0.00044866936612245696
0.0004465868138901551
0.0004445165249379623
0.0004424584118494748
0.00044041238793659485
0.0004383783672325553
0.0004363562644851353
0.00043434599514990377
0.000432347475383555
0.0004303606220372781
0.0004283853526502237
0.0004264215854430623
0.0004244692393115185
0.0004225282338201116
0.00042059848919582746
0.00041867992632196594
0.00041677246673190154
0.00041487603260317196
0.0004129905467512763
0.00041111593262386104
0.00040925211429479675
0.0004073990164582939
0.0004055565644232433
0.0004037246841073787
0.00040190330203171345
0.00040009234531496337
0.00039829174166792044
0.0003965014193880749
0.00039472130735414214
0.00039295133502069684
0.0003911914324129008
0.00038944153012119393
0.00038770155929615074
0.0003859714516432686
0.00038425113941796703
0.00038254055542039816
0.0003808396329906271
0.00037914830600355734
0.0003774665088640961
0.00037579417650232083
0.000374131244368639
0.00037247764842913717
0.0003708333251607615
0.0003691982115467927
0.00036757224507216334
0.00036595536371893805
0.00036434750596177584
0.00036274861076356253
0.0003611586175708472
0.0003595774663095845
0.0003580050973807664
0.00035644145165614606
0.00035488647047397185
0.00035334009563482683
0.0003518022693974232
0.0003502729344745638
0.0003487520340289721
0.0003472395116693535
0.0003457353114463167
0.00034423937784849537
0.0003427516557985681
0.00034127209064943115
0.0003398006281803732
0.00033833721459321627
0.00033688179650860894
0.000335434320962292
0.00033399473540140026
0.00033256298768080753
0.0003311390260595718
0.00032972279919729104
0.0003283142561505508
0.0003269133463695003
0.0003255200196943188
0.0003241342263517829
0.00032275591695187644
0.00032138504248439826
0.0003200215543156684
0.00031866540418516633
0.0003173165442023013
0.0003159749268431667
0.00031464050494730975
0.00031331323171456644
0.00031199306070195376
0.0003106799458204575
0.0003093738413320377
0.00030807470184655736
0.0003067824823187533
0.0003054971380451595
0.0003042186246612928
0.0003029468981386106
0.0003016819147816037
0.0003004236312249689
0.0002991720044306905
0.0002979269916852775
0.0002966885505969084
0.00029545663909273136
0.00029423121541603445
0.0002930122381235747
0.000291799666082896
0.0002905934584696661
0.00028939357476494526
0.00028819997475273865
0.0002870126185172354
0.000285831466440361
0.0002846564791991648
0.000283487617763375
0.0002823248433928276
0.00028116811763505436
0.0002800174023227993
0.00027887265957163743
0.000277733851777553
0.0002766009416145668
0.0002754738920323462
0.00027435266625397664
0.0002732372277735132
0.00027212754035381903
0.0002710235680242212
0.00026992527507829886
0.00026883262607165496
0.0002677455858197209
0.0002666641193955294
0.00026558819212765046
0.00026451776959795457
0.00026345281763953573
0.00026239330233460866
0.00026133919001244184
0.00026029044724724514
0.00025924704085619613
0.00025820893789737126
0.00025717610566775793
0.0002561485117012693
0.0002551261237667649
0.0002541089098661164
0.00025309683823229176
0.0002520898773273957
0.0002510879958408174
0.00025009116268736334
0.00024909934700533237
0.00024811251815474625
0.00024713064571548014
0.0002461536994855133
0.0002451816494790076
0.0002442144659246908
0.00024325211926399224
0.00024229458014935005
0.0002413418194424463
0.00024039380821254573
0.0002394505177347363
0.00023851191948832002
0.0002375779851551055
0.00023664868661775771
0.00023572399595817335
0.00023480388545590023
0.0002338883275864428
0.0002329772950197766
0.00023207076061868996
0.00023116869743727896
0.00023027107871935473
0.00022937787789697184
0.00022848906858884412
0.0002276046245988818
0.00022672451991469643
0.00022584872870608436
0.00022497722532363346
0.00022410998429722405
0.00022324698033457778
0.00022238818831985533
0.0002215335833122877
0.0002206831405446894
0.0002198368354221422
0.000218994643520539
0.00021815654058535583
0.00021732250253018195
0.00021649250543541676
0.00021566652554698206
0.00021484453927491677
0.0002140265231921988
0.0002132124540333817
0.0002124023086932873
0.00021159606422580283
0.0002107936978426041
0.0002099951869118766
0.00020920050895712977
0.00020840964165594832
0.00020762256283877355
0.000206839250487742
0.0002060596827354345
0.00020528383786372134
0.00020451169430263404
0.00020374323062914143
0.00020297842556601784
0.00020221725798073154
0.00020145970688429868
0.0002007057514269127
0.00019995537090949515
0.00019920854476408647
0.00019846525256477364
0.00019772547402372535
0.00019698918899004086
0.0001962563774487718
0.00019552701951981223
0.00019480109545686472
0.00019407858564644202
0.0001933594706067987
0.0001926437309869237
0.00019193134756555295
0.000191222301250157
0.00019051657307595578
0.0001898141442049008
0.00018911499592477667
0.000188419109648169
0.00018772646691155172
0.0001870370493742895
0.00018635083881776205
0.00018566781714438125
0.00018498796637665633
0.0001843112686563898
0.00018363770624359722
0.00018296726151574043
0.0001822999169667855
0.00018163565520632727
0.00018097445895867335
0.000180316311062068
0.00017966119446771473
0.00017900909223900443
0.0001783599875506593
0.00017771386368782221
0.0001770707040453209
0.00017643049212677506
0.00017579321154379657
0.00017515884601517926
0.0001745273793661199
0.00017389879552733676
0.00017327307853438586
0.0001726502125267849
0.00017203018174732787
0.00017141297054118815
0.000170798563355261
0.00017018694473736523
0.00016957809933551142
0.00016897201189708876
0.00016836866726823016
0.00016776805039295342
0.00016717014631256332
0.00016657494016486456
0.00016598241718340844
0.000165392562696836
0.00016480536212821543
0.0001642208009942068
0.00016363886490454224
0.00016305953956120847
0.00016248281075778508
0.00016190866437885369
0.00016133708639925245
0.00016076806288341672
0.00016020157998473863
0.00015963762394491376
0.00015907618109330026
0.00015851723784626563
0.00015796078070655397
0.00015740679626263178
0.00015685527118811392
0.00015630619224108998
0.00015575954626355785
0.0001552153201807514
0.00015467350100059488
0.00015413407581307104
0.00015359703178958724
0.00015306235618252264
0.00015253003632447105
0.00015200005962776644
0.00015147241358383744
0.0001509470857627282
0.00015042406381245144
0.0001499033354584339
0.00014938488850299358
0.0001488687108247814
0.0001483547903781855
0.00014784311519285811
0.0001473336733731092
0.0001468264530974026
0.00014632144261782928
0.00014581863025957148
0.00014531800442036587
0.00014481955357003868
0.00014432326624989883
0.00014382913107230453
0.00014333713672013925
0.00014284727194629793
0.00014235952557320843
0.00014187388649231048
0.0001413903436635592
0.00014090888611497675
0.00014042950294217003
0.00013995218330782556
0.00013947691644121039
0.00013900369163776367
0.00013853249825860066
0.0001380633257300381
0.00013759616354314835
0.00013713100125332025
0.00013666782847971933
0.00013620663490499847
0.00013574741027471188
0.00013529014439691818
0.0001348348271417546
0.0001343814484409999
0.00013392999828762335
0.00013348046673538328
0.00013303284389838113
0.00013258711995066242
0.0001321432851257763
0.0001317013297163608
0.00013126124407375521
0.00013082301860757134
0.00013038664378530785
0.00012995211013191026
0.0001295194082294179
0.00012908852871655377
0.0001286594622883088
0.00012823219969557617
0.0001278067317447689
0.0001273830492974171
0.00012696114326981008
0.00012654100463259987
0.0001261226244104476
0.00012570599368159696
0.00012529110357760526
0.00012487794528287998
0.00012446651003437194
0.0001240567891211956
0.00012364877388427813
0.00012324245571601462
0.000122837826059871
0.00012243487641010593
0.00012203359831136245
0.00012163398335834692
0.00012123602319551883
0.00012083970951670674
0.00012044503406477451
0.00012005198863133044
0.00011966056505635757
0.00011927075522788011
0.00011888255108167146
0.00011849594460093668
0.00011811092781593455
0.00011772749280370796
0.00011734563168776088
0.00011696533663772189
0.00011658659986907492
0.00011620941364280843
0.00011583377026513047
0.00011545966208717906
0.0001150870815046836
0.00011471602095766946
0.00011434647293022319
0.00011397842995011124
0.0001136118845885502
0.00011324682945988093
0.00011288325722128223
0.00011252116057252671
0.00011216053225564274
0.00011180136505467533
0.00011144365179535876
0.00011108738534487679
0.0001107325586116035
0.00011037916454477838
0.00011002719613426282
0.00010967664641029106
0.00010932750844314417
0.00010897977534295797
0.00010863344025940131
0.0001082884963814634
0.00010794493693713134
0.00010760275519318674
0.00010726194445496081
0.00010692249806600889
0.00010658440940792382
0.00010624767190006975
0.0001059122789993246
0.00010557822419984395
0.0001052455010328083
0.00010491410306618119
0.00010458402390447997
0.00010425525718852906
0.00010392779659521484
0.00010360163583725503
0.00010327676866298869
0.00010295318885611257
0.00010263089023544233
0.00010230986665474551
0.0001019901120024315
0.00010167162020140221
0.00010135438520876966
0.0001010384010156682
0.00010072366164701312
0.00010041016116132254
0.00010009789365046229
9.978685323940134e-5
9.947703408608885e-5
9.916843038117263e-5
9.886103634778459e-5
9.855484624136761e-5
9.824985434945155e-5
9.794605499145997e-5
9.764344251847598e-5
9.734201131305058e-5
9.704175578903094e-5
9.674267039131974e-5
9.644474959569216e-5
9.614798790859172e-5
9.585237986697208e-5
9.555792003803482e-5
9.526460301909978e-5
9.497242343736723e-5
9.468137594975917e-5
9.43914552427236e-5
9.410265603200833e-5
9.381497306254634e-5
9.352840110823002e-5
9.324293497170162e-5
9.295856948422494e-5
9.267529950545512e-5
9.239311992331723e-5
9.211202565374648e-5
9.183201164060214e-5
9.155307285541882e-5
9.127520429726838e-5
9.099840099258442e-5
9.072265799496765e-5
9.044797038505227e-5
9.01743332703029e-5
8.99017417848501e-5
8.963019108935672e-5
8.935967637080662e-5
8.909019284234512e-5
8.882173574317156e-5
8.855430033831076e-5
8.828788191845595e-5
8.802247579985978e-5
8.775807732414025e-5
8.749468185810691e-5
8.723228479363709e-5
8.697088154749668e-5
8.671046756120823e-5
8.645103830086568e-5
8.619258925700885e-5
8.593511594447598e-5
8.567861390220209e-5
8.542307869315922e-5
8.516850590410517e-5
8.49148911455147e-5
8.46622300514195e-5
8.441051827920718e-5
8.41597515095406e-5
8.390992544622238e-5
8.366103581597491e-5
8.341307836836893e-5
8.316604887567239e-5
8.291994313268422e-5
8.267475695660771e-5
8.243048618694453e-5
8.218712668530358e-5
8.194467433529793e-5
8.170312504244233e-5
8.14624747339131e-5
8.122271935854936e-5
8.09838548866286e-5
8.074587730976772e-5
8.050878264079064e-5
8.027256691359123e-5
8.003722618303402e-5
7.980275652478676e-5
7.95691540352112e-5
7.933641483125388e-5
7.910453505027841e-5
7.887351084999928e-5
7.864333840833425e-5
7.841401392323256e-5
7.818553361263143e-5
7.795789371431916e-5
7.773109048574812e-5
7.750512020401582e-5
7.727997916566302e-5
7.70556636866173e-5
7.683217010202251e-5
7.660949476617426e-5
7.638763405236684e-5
7.616658435280477e-5
7.594634207848134e-5
7.57269036590374e-5
7.55082655427033e-5
7.529042419616945e-5
7.507337610442667e-5
7.485711777071457e-5
7.464164571641337e-5
7.442695648090101e-5
7.421304662146975e-5
7.399991271318927e-5
7.378755134885442e-5
7.357595913884026e-5
7.336513271099442e-5
7.315506871055778e-5
7.294576380004354e-5
7.27372146591526e-5
7.252941798462941e-5
7.232237049022878e-5
7.21160689065486e-5
7.191050998098487e-5
7.170569047759541e-5
7.150160717699474e-5
7.129825687630638e-5
7.109563638903546e-5
7.089374254494113e-5
7.069257218998007e-5
7.049212218623626e-5
7.029238941175231e-5
7.009337076049507e-5
6.989506314225796e-5
6.969746348249238e-5
6.950056872236782e-5
6.930437581853272e-5
6.910888174307652e-5
6.891408348347097e-5
6.871997804244214e-5
6.852656243789448e-5
6.83338337028224e-5
6.814178888520899e-5
6.795042504796487e-5
6.7759739268823e-5
6.756972864025553e-5
6.73803902693821e-5
6.719172127792797e-5
6.70037188020392e-5
6.681637999233296e-5
6.6629702013695e-5
6.644368204527359e-5
6.625831728036149e-5
6.607360492631533e-5
6.58895422044906e-5
6.570612635017029e-5
6.55233546124332e-5
6.534122425413535e-5
6.515973255179284e-5
6.497887679551102e-5
6.479865428891604e-5
6.461906234907352e-5
6.444009830640807e-5
6.426175950461697e-5
6.408404330062649e-5
6.390694706447049e-5
6.373046817925981e-5
6.355460404106582e-5
6.337935205890429e-5
6.320470965458886e-5
6.303067426271635e-5
6.285724333057437e-5
6.268441431804019e-5
6.251218469756445e-5
6.234055195406508e-5
6.216951358485946e-5
6.199906709959285e-5
6.182921002018735e-5
6.16599398807408e-5
6.149125422749367e-5
6.13231506187316e-5
6.115562662473067e-5
6.098867982767548e-5
6.082230782162505e-5
6.065650821240659e-5
6.0491278617573756e-5
6.032661666634546e-5
6.016251999949463e-5
5.9998986269359494e-5
5.983601313969936e-5
5.9673598285685096e-5
5.951173939381868e-5
5.9350434161864235e-5
5.918968029880326e-5
5.902947552471796e-5
5.886981757081749e-5
5.871070417930082e-5
5.855213310333122e-5
5.839410210693914e-5
5.823660896502622e-5
5.8079651463242995e-5
5.792322739796643e-5
5.776733457621625e-5
5.761197081560873e-5
5.7457133944293274e-5
5.7302821800904685e-5
5.714903223447374e-5
5.6995763104427995e-5
5.684301228045382e-5
5.669077764252187e-5
5.653905708078342e-5
5.638784849550238e-5
5.623714979703339e-5
5.608695890576386e-5
5.593727375204408e-5
5.5788092276110495e-5
5.5639412428083845e-5
5.549123216786817e-5
5.534354946513996e-5
5.5196362299244375e-5
5.5049668659186927e-5
5.490346654355797e-5
5.4757753960477436e-5
5.461252892755646e-5
5.4467789471827205e-5
5.4323533629729754e-5
5.417975944698228e-5
5.403646497863824e-5
5.389364828894583e-5
5.3751307451346806e-5
5.360944054838902e-5
5.346804567171571e-5
5.332712092198665e-5
5.318666440886298e-5
5.30466742508973e-5
5.2907148575560255e-5
5.276808551912958e-5
5.262948322670053e-5
5.2491339852068955e-5
5.235365355774382e-5
5.221642251487038e-5
5.20796449031946e-5
5.194331891101123e-5
5.1807442735125166e-5
5.167201458076893e-5
5.1537032661643746e-5
5.140249519975036e-5
5.1268400425477855e-5
5.113474657744726e-5
5.10015319025229e-5
5.0868754655773454e-5
5.073641310040232e-5
5.0604505507689824e-5
5.047303015701641e-5
5.034198533574712e-5
5.021136933923482e-5
5.008118047074618e-5
4.995141704144145e-5
4.982207737032589e-5
4.9693159784213604e-5
4.956466261765876e-5
4.943658421296068e-5
4.930892292007735e-5
4.9181677096616495e-5
4.90548451077616e-5
4.8928425326273736e-5
4.880241613243689e-5
4.867681591397078e-5
4.855162306607806e-5
4.8426835991340396e-5
4.830245309968401e-5
4.817847280837399e-5
4.805489354193122e-5
4.793171373214667e-5
4.780893181800387e-5
4.768654624563749e-5
4.75645554683259e-5
4.7442957946435295e-5
4.7321752147370485e-5
4.72009365455819e-5
4.708050962247136e-5
4.69604698663808e-5
4.684081577257539e-5
4.6721545843171066e-5
4.6602658587135184e-5
4.648415252022151e-5
4.636602616494972e-5
4.624827805055526e-5
4.613090671297505e-5
4.6013910694795855e-5
4.589728854522383e-5
4.5781038820074584e-5
4.5665160081679314e-5
4.5549650898909296e-5
4.5434509847108555e-5
4.53197355081039e-5
4.520532647008099e-5
4.509128132765576e-5
4.497759868176722e-5
4.486427713970391e-5
4.475131531499633e-5
4.4638711827464216e-5
4.452646530310894e-5
4.441457437416989e-5
4.430303767898775e-5
4.4191853862066465e-5
4.408102157397147e-5
4.3970539471350215e-5
4.386040621686659e-5
4.375062047919266e-5
4.3641180932958765e-5
4.3532086258720614e-5
4.342333514296498e-5
4.331492627804436e-5
4.3206858362137423e-5
4.3099130099261634e-5
4.299174019921936e-5
4.288468737753217e-5
4.277797035550701e-5
4.2671587860084394e-5
4.25655386239244e-5
4.245982138528954e-5
4.235443488807998e-5
4.224937788174148e-5
4.2144649121310124e-5
4.204024736731253e-5
4.1936171385798145e-5
4.183241994827136e-5
4.17289918316667e-5
4.16258858183631e-5
4.152310069607335e-5
4.1420635257923e-5
4.131848830233112e-5
4.1216658633020254e-5
4.111514505901297e-5
4.101394639456288e-5
4.0913061459141656e-5
4.081248907743945e-5
4.071222807929681e-5
4.061227729970597e-5
4.0512635578770096e-5
4.041330176169245e-5
4.031427469873691e-5
4.021555324521843e-5
4.0117136261449277e-5
4.001902261274162e-5
3.992121116939192e-5
3.982370080659898e-5
3.972649040450294e-5
3.9629578848124174e-5
3.9532965027360614e-5
3.9436647836931554e-5
3.934062617639071e-5
3.924489895006594e-5
3.914946506710344e-5
3.9054323441318876e-5
3.895947299132029e-5
3.886491264035797e-5
3.877064131639099e-5
3.867665795202863e-5
3.858296148449655e-5
3.8489550855620474e-5
3.839642501181861e-5
3.830358290407698e-5
3.821102348789343e-5
3.811874572329969e-5
3.80267485748099e-5
3.793503101141364e-5
3.784359200654625e-5
3.77524305380546e-5
3.7661545588211515e-5
3.7570936143655604e-5
3.748060119539477e-5
3.739053973875658e-5
3.730075077340913e-5
3.7211233303308476e-5
3.712198633666697e-5
3.703300888596571e-5
3.694429996793522e-5
3.685585860348323e-5
3.6767683817714986e-5
3.667977463993324e-5
3.659213010356115e-5
3.6504749246157685e-5
3.641763110939839e-5
3.633077473903611e-5
3.6244179184908245e-5
3.615784350087441e-5
3.607176674485617e-5
3.598594797876235e-5
3.5900386268499715e-5
3.5815080683934064e-5
3.573003029889631e-5
3.564523419112813e-5
3.556069144231381e-5
3.547640113800881e-5
3.5392362367634796e-5
3.530857422449512e-5
3.522503580571397e-5
3.514174621223676e-5
3.5058704548796714e-5
3.497590992393536e-5
3.4893361449913375e-5
3.481105824278884e-5
3.4728999422300984e-5
3.464718411192088e-5
3.456561143879448e-5
3.448428053375675e-5
3.4403190531289885e-5
3.432234056950792e-5
3.4241729790153906e-5
3.416135733855545e-5
3.408122236364811e-5
3.4001324017914565e-5
3.392166145739202e-5
3.384223384166572e-5
3.37630403338194e-5
3.368408010044448e-5
3.3605352311587816e-5
3.3526856140824254e-5
3.344859076510765e-5
3.337055536487055e-5
3.329274912393875e-5
3.321517122953958e-5
3.313782087230335e-5
3.306069724619899e-5
3.2983799548556566e-5
3.290712698005972e-5
3.2830678744684774e-5
3.2754454049716084e-5
3.267845210575047e-5
3.260267212661467e-5
3.252711332943079e-5
3.2451774934537335e-5
3.237665616550714e-5
3.230175624912365e-5
3.222707441535501e-5
3.2152609897368814e-5
3.2078361931472463e-5
3.200432975714155e-5
3.193051261697123e-5
3.1856909756696295e-5
3.1783520425141624e-5
3.171034387422761e-5
3.16373793589421e-5
3.156462613733779e-5
3.149208347052677e-5
3.141975062262804e-5
3.134762686080675e-5
3.12757114552197e-5
3.1204003678998276e-5
3.113250280827601e-5
3.106120812212521e-5
3.0990118902577176e-5
3.09192344346073e-5
3.084855400607527e-5
3.077807690780176e-5
3.070780243343874e-5
3.063772987956383e-5
3.056785854559375e-5
3.049818773382411e-5
3.0428716749355818e-5
3.035944490014833e-5
3.0290371496935485e-5
3.0221495853290537e-5
3.0152817285547106e-5
3.0084335112821558e-5
3.0016048656991602e-5
2.9947957242672298e-5
2.9880060197230052e-5
2.981235685073959e-5
2.974484653597495e-5
2.9677528588435555e-5
2.9610402346288017e-5
2.954346715036729e-5
2.9476722344186717e-5
2.941016727387855e-5
2.9343801288228335e-5
2.9277623738635243e-5
2.921163397912916e-5
2.914583136630648e-5
2.9080215259368828e-5
2.9014785020092066e-5
2.894954001280781e-5
2.8884479604401403e-5
2.881960316431908e-5
2.87549100644836e-5
2.8690399679376128e-5
2.8626071385968446e-5
2.8561924563728176e-5
2.849795859459492e-5
2.8434172862984376e-5
2.8370566755772306e-5
2.8307139662278906e-5
2.8243890974250603e-5
2.8180820085889867e-5
2.8117926393768367e-5
2.8055209296879227e-5
2.7992668196649174e-5
2.793030249681125e-5
2.7868111603512793e-5
2.7806094925254734e-5
2.7744251872872288e-5
2.7682581859561845e-5
2.7621084300827195e-5
2.755975861449579e-5
2.7498604220692726e-5
2.7437620541848973e-5
2.7376807002676236e-5
2.7316163030166726e-5
2.725568805355291e-5
2.7195381504349606e-5
2.713524281630385e-5
2.707527142538774e-5
2.7015466769816786e-5
2.6955828289992026e-5
2.6896355428552843e-5
2.6837047630291835e-5
2.6777904342212126e-5
2.6718925013482384e-5
2.666010909543598e-5
2.6601456041556936e-5
2.6542965307490213e-5
2.648463635097822e-5
2.6426468631921684e-5
2.636846161232301e-5
2.6310614756303013e-5
2.6252927530061537e-5
2.6195399401880762e-5
2.6138029842150455e-5
2.608081832330597e-5
2.6023764319833455e-5
2.5966867308287873e-5
2.591012676726764e-5
2.585354217738527e-5
2.5797113021278335e-5
2.5740838783604887e-5
2.5684718951030478e-5
2.5628753012197196e-5
2.55729404577568e-5
2.551728078032112e-5
2.5461773474485597e-5
2.5406418036789267e-5
2.5351213965740184e-5
2.529616076176339e-5
2.5241257927249716e-5
2.5186504966483083e-5
2.513190138569727e-5
2.5077446693002985e-5
2.5023140398433216e-5
2.4968982013894025e-5
2.49149710531962e-5
2.4861107032001905e-5
2.4807389467859393e-5
2.4753817880153657e-5
2.4700391790148505e-5
2.4647110720919686e-5
2.4593974197393338e-5
2.4540981746318665e-5
2.448813289625861e-5
2.4435427177582643e-5
2.438286412247545e-5
2.4330443264898303e-5
2.427816414060757e-5
2.422602628714219e-5
2.4174029243786276e-5
2.4122172551618732e-5
2.4070455753459408e-5
2.4018878393862024e-5
2.3967440019133695e-5
2.3916140177309823e-5
2.3864978418153362e-5
2.3813954293137337e-5
2.3763067355442166e-5
2.371231715995131e-5
2.3661703263240394e-5
2.3611225223579124e-5
2.3560882600917073e-5
2.3510674956855997e-5
2.3460601854689213e-5
2.3410662859352884e-5
2.336085753741707e-5
2.331118545713181e-5
2.3261646188342563e-5
2.3212239302561396e-5
2.3162964372883802e-5
2.311382097404996e-5
2.3064808682400603e-5
2.3015927075862895e-5
2.2967175733974273e-5
2.291855423783663e-5
2.2870062170162765e-5
2.282169911521639e-5
2.2773464658831127e-5
2.2725358388397623e-5
2.267737989287051e-5
2.2629528762733247e-5
2.258180459002517e-5
2.253420696829863e-5
2.2486735492651637e-5
2.2439389759692697e-5
2.2392169367539536e-5
2.234507391581945e-5
2.2298103005668416e-5
2.2251256239691237e-5
2.2204533222007428e-5
2.2157933558195048e-5
2.2111456855326592e-5
2.2065102721918346e-5
2.2018870767977206e-5
2.1972760604938847e-5
2.1926771845693482e-5
2.188090410459776e-5
2.1835156997405006e-5
2.1789530141327604e-5
2.1744023154992464e-5
2.1698635658454673e-5
2.1653367273169726e-5
2.160821762200161e-5
2.156318632921456e-5
2.1518273020473084e-5
2.1473477322819985e-5
2.142879886469404e-5
2.1384237275894727e-5
2.1339792187598076e-5
2.1295463232350667e-5
2.125125004404977e-5
2.1207152257956906e-5
2.1163169510670136e-5
2.1119301440127443e-5
2.1075547685623325e-5
2.1031907887755442e-5
2.0988381688452542e-5
2.0944968730989518e-5
2.0901668659914993e-5
2.085848112111512e-5
2.0815405761752397e-5
2.077244223032249e-5
2.0729590176584907e-5
2.068684925159684e-5
2.0644219107672592e-5
2.060169939843698e-5
2.0559289781689666e-5
2.051698990776754e-5
2.0474799436962515e-5
2.0432718027919793e-5
2.0390745340546372e-5
2.0348881035989924e-5
2.0307124776632007e-5
2.02654762260983e-5
2.0223935049237216e-5
2.018250091210903e-5
2.0141173482021086e-5
2.009995242744912e-5
2.0058837418114117e-5
2.0017828124930387e-5
1.9976924219993407e-5
1.993612537660053e-5
1.9895431269242644e-5
1.9854841573592562e-5
1.9814355966494257e-5
1.977397412596418e-5
1.9733695731191404e-5
1.9693520462523247e-5
1.965344800146915e-5
1.9613478030689607e-5
1.957361023398503e-5
1.953384429631425e-5
1.949417990377466e-5
1.9454616743587496e-5
1.941515450410449e-5
1.9375792874794526e-5
1.933653154627579e-5
1.929737021025732e-5
1.925830855956339e-5
1.9219346288122096e-5
1.9180483090977716e-5
1.91417186642422e-5
1.910305270515686e-5
1.9064484912028143e-5
1.9026014984246083e-5
1.8987642622280225e-5
1.8949367527691794e-5
1.8911189403090917e-5
1.8873107952166924e-5
1.8835122879663457e-5
1.8797233891385727e-5
1.8759440694176214e-5
1.8721742995958706e-5
1.868414050566934e-5
1.864663293329835e-5
1.8609219989869543e-5
1.857190138744416e-5
1.8534676839088153e-5
1.849754605892099e-5
1.8460508762067414e-5
1.8423564664646438e-5
1.838671348382709e-5
1.8349954937754658e-5
1.831328874558384e-5
1.827671462747391e-5
1.8240232304577235e-5
1.820384149901686e-5
1.81675419339331e-5
1.8131333333421598e-5
1.8095215422576305e-5
1.805918792745093e-5
1.802325057507375e-5
1.7987403093433997e-5
1.795164521149199e-5
1.7915976659165407e-5
1.78803971723226e-5
1.784490647285801e-5
1.780950429845218e-5
1.777419038282569e-5
1.773896446061923e-5
1.7703826267414074e-5
1.76687755397242e-5
1.763381201498888e-5
1.7598935431585724e-5
1.7564145528775743e-5
1.7529442046778974e-5
1.7494824726705808e-5
1.7460293310582693e-5
1.7425847541329463e-5
1.7391487162777512e-5
1.7357211919664437e-5
1.7323021557584605e-5
1.7288915823087682e-5
1.725489446354715e-5
1.7220957227270177e-5
1.7187103863405344e-5
1.7153334121983536e-5
1.7119647753938107e-5
1.7086044511049498e-5
1.70525241459562e-5
1.7019086412185026e-5
1.6985731064093737e-5
1.6952457856918482e-5
1.6919266546737852e-5
1.6886156890477186e-5
1.6853128645905732e-5
1.6820181571648746e-5
1.6787315427160242e-5
1.6754529972721506e-5
1.6721824969470115e-5
1.6689200179347293e-5
1.6656655365125556e-5
1.662419029041095e-5
1.659180471961201e-5
1.655949841798421e-5
1.6527271151551563e-5
1.6495122687180033e-5
1.6463052792519998e-5
1.643106123605402e-5
1.6399147787022867e-5
1.6367312215507023e-5
1.633555429234799e-5
1.6303873789191342e-5
1.627227047846891e-5
1.6240744133395626e-5
1.6209294527974248e-5
1.617792143695603e-5
1.614662463590793e-5
1.611540390114346e-5
1.608425900975362e-5
1.6053189739581482e-5
1.602219586925687e-5
1.5991277178141716e-5
1.5960433446385907e-5
1.592966445485279e-5
1.589896998519149e-5
1.586834981978559e-5
1.5837803741764832e-5
1.5807331534990545e-5
1.5776932984073997e-5
1.5746607874371663e-5
1.5716355991942766e-5
1.5686177123617326e-5
1.5656071056912887e-5
1.5626037580093963e-5
1.5596076482150167e-5
1.5566187552768227e-5
1.5536370582377876e-5
1.5506625362094665e-5
1.5476951683779687e-5
1.54473493399602e-5
1.5417818123897724e-5
1.538835782954775e-5
1.5358968251558745e-5
1.5329649185294336e-5
1.53004004267848e-5
1.5271221772772052e-5
1.5242113020685588e-5
1.5213073968630627e-5
1.5184104415407028e-5
1.5155204160483163e-5
1.5126373004006413e-5
1.5097610746821018e-5
1.5068917190411415e-5
1.5040292136958841e-5
1.5011735389296962e-5
1.4983246750932694e-5
1.4954826026024354e-5
1.4926473019401835e-5
1.4898187536553864e-5
1.4869969383600304e-5
1.4841818367344552e-5
1.4813734295221004e-5
1.478571697532412e-5
1.475776621636879e-5
1.4729881827736667e-5
1.4702063619440874e-5
1.4674311402136393e-5
1.4646624987096444e-5
1.4619004186242793e-5
1.459144881212289e-5
1.4563958677909446e-5
1.4536533597404503e-5
1.4509173385031267e-5
1.4481877855827522e-5
1.4454646825454354e-5
1.4427480110187591e-5
1.44003775269182e-5
1.4373338893144056e-5
1.4346364026968913e-5
1.4319452747117628e-5
1.4292604872902841e-5
1.4265820224246094e-5
1.423909862166025e-5
1.421243988627021e-5
1.4185843839772618e-5
1.4159310304484037e-5
1.4132839103292078e-5
1.4106430059679915e-5
1.4080082997718115e-5
1.40537977420447e-5
1.402757411790123e-5
1.4001411951088195e-5
1.3975311068006993e-5
1.3949271295610595e-5
1.3923292461426098e-5
1.3897374393570161e-5
1.387151692071045e-5
1.3845719872089267e-5
1.3819983077495708e-5
1.379430636730625e-5
1.3768689572440647e-5
1.3743132524386288e-5
1.3717635055163823e-5
1.3692196997374453e-5
1.3666818184156806e-5
1.3641498449190587e-5
1.3616237626727899e-5
1.3591035551538119e-5
1.3565892058948988e-5
1.354080698481496e-5
1.351578016557147e-5
1.3490811438115611e-5
1.3465900639956832e-5
1.3441047609082664e-5
1.3416252184036998e-5
1.339151420389478e-5
1.3366833508236591e-5
1.3342209937193915e-5
1.3317643331398288e-5
1.3293133532010939e-5
1.3268680380726305e-5
1.3244283719720693e-5
1.3219943391728236e-5
1.3195659239954504e-5
1.3171431108155974e-5
1.3147258840561585e-5
1.3123142281937464e-5
1.3099081277533323e-5
1.3075075673121951e-5
1.305112531495412e-5
1.3027230049800438e-5
1.3003389724924931e-5
1.2979604188085361e-5
1.2955873287521002e-5
1.2932196871996078e-5
1.2908574790727532e-5
1.2885006893447276e-5
1.2861493030366437e-5
1.2838033052173152e-5
1.2814626810054535e-5
1.2791274155664924e-5
1.2767974941149813e-5
1.2744729019122215e-5
1.272153624267854e-5
1.269839646538099e-5
1.2675309541280008e-5
1.2652275324880438e-5
1.2629293671158218e-5
1.2606364435569935e-5
1.2583487474035536e-5
1.2560662642918835e-5
1.2537889799065052e-5
1.2515168799776153e-5
1.2492499502810623e-5
1.2469881766388403e-5
1.2447315449174783e-5
1.2424800410296886e-5
1.2402336509339727e-5
1.2379923606315741e-5
1.2357561561723626e-5
1.2335250236468353e-5
1.2312989491931945e-5
1.229077918991877e-5
1.2268619192691618e-5
1.2246509362938487e-5
1.2224449563803183e-5
1.220243965885313e-5
1.2180479512098748e-5
1.2158568987977635e-5
1.2136707951375017e-5
1.2114896267584578e-5
1.2093133802350592e-5
1.2071420421833018e-5
1.2049755992621056e-5
1.202814038172598e-5
1.2006573456592454e-5
1.198505508507432e-5
1.196358513545442e-5
1.1942163476424578e-5
1.1920789977106145e-5
1.1899464507022408e-5
1.187818693612567e-5
1.1856957134763287e-5
1.1835774973710562e-5
1.181464032413446e-5
1.1793553057630253e-5
1.177251304618754e-5
1.1751520162197232e-5
1.1730574278465449e-5
1.1709675268197935e-5
1.1688823004987539e-5
1.166801736284548e-5
1.164725821616119e-5
1.1626545439737994e-5
1.1605878908772877e-5
1.1585258498844512e-5
1.1564684085928629e-5
1.1544155546386542e-5
1.15236727569868e-5
1.1503235594859881e-5
1.1482843937553284e-5
1.1462497662965497e-5
1.1442196649407465e-5
1.1421940775556535e-5
1.1401729920477706e-5
1.1381563963615369e-5
1.1361442784771998e-5
1.1341366264166727e-5
1.132133428235723e-5
1.1301346720290302e-5
1.1281403459293185e-5
1.1261504381044187e-5
1.1241649367620002e-5
1.1221838301436195e-5
1.1202071065294361e-5
1.1182347542349434e-5
1.1162667616140118e-5
1.1143031170547658e-5
1.1123438089833236e-5
1.110388825859942e-5
1.1084381561827848e-5
1.1064917884845526e-5
1.1045497113351207e-5
1.1026119133372918e-5
1.1006783831321067e-5
1.0987491093941183e-5
1.0968240808340588e-5
1.094903286197324e-5
1.0929867142633877e-5
1.091074353849338e-5
1.0891661938034121e-5
1.087262223010479e-5
1.0853624303903652e-5
1.0834668048954393e-5
1.081575335512628e-5
1.0796880112646958e-5
1.0778048212063752e-5
1.075925754427147e-5
1.0740508000499868e-5
1.0721799472319178e-5
1.0703131851626763e-5
1.0684505030655574e-5
1.0665918901980935e-5
1.0647373358495248e-5
1.0628868293423018e-5
1.0610403600334751e-5
1.0591979173104151e-5
1.0573594905951644e-5
1.0555250693407653e-5
1.0536946430345617e-5
1.0518682011933482e-5
1.0500457333688395e-5
1.0482272291441867e-5
1.046412678133619e-5
1.0446020699836283e-5
1.0427953943729407e-5
1.040992641011415e-5
1.039193799641348e-5
1.0373988600341831e-5
1.0356078119958714e-5
1.0338206453606535e-5
1.03203734999599e-5
1.0302579157992549e-5
1.0284823326979403e-5
1.0267105906524624e-5
1.0249426796517208e-5
1.0231785897173694e-5
1.0214183108985239e-5
1.0196618332776518e-5
1.0179091469660925e-5
1.0161602421047549e-5
1.0144151088652036e-5
1.0126737374491142e-5
1.0109361180889553e-5
1.0092022410432652e-5
1.0074720966048132e-5
1.0057456750924113e-5
1.0040229668557778e-5
1.0023039622737636e-5
1.0005886517533384e-5
9.988770257338936e-6
9.9716907467947e-6
9.954647890851977e-6
9.93764159475593e-6
9.920671764021552e-6
9.903738304464443e-6
9.886841122173519e-6
9.86998012352929e-6
9.853155215197739e-6
9.836366304118811e-6
9.819613297515131e-6
9.802896102892802e-6
9.786214628033476e-6
9.769568781000713e-6
9.752958470125327e-6
9.736383604036654e-6
9.719844091611907e-6
9.703339842017901e-6
9.686870764689197e-6
9.670436769345145e-6
9.654037765952393e-6
9.637673664779345e-6
9.621344376328853e-6
9.605049811400705e-6
9.588789881043389e-6
9.572564496593311e-6
9.556373569630807e-6
9.540217012011294e-6
9.524094735864783e-6
9.508006653554926e-6
9.491952677728302e-6
9.475932721307882e-6
9.459946697439925e-6
9.44399451956194e-6
9.428076101345913e-6
9.412191356748901e-6
9.396340199947726e-6
9.380522545413215e-6
9.364738307852797e-6
9.348987402223003e-6
9.333269743750628e-6
9.317585247896465e-6
9.301933830382919e-6
9.28631540718982e-6
9.270729894526966e-6
9.255177208872166e-6
9.239657266945252e-6
9.224169985710192e-6
9.208715282380635e-6
9.193293074410082e-6
9.177903279506806e-6
9.16254581562094e-6
9.147220600939909e-6
9.131927553891819e-6
9.116666593162469e-6
9.10143763765724e-6
9.086240606532359e-6
9.071075419190765e-6
9.055941995255105e-6
9.040840254598916e-6
9.025770117326488e-6
9.01073150378348e-6
8.995724334547812e-6
8.98074853043192e-6
8.96580401247535e-6
8.950890701960126e-6
8.93600852039865e-6
8.921157389527089e-6
8.906337231316639e-6
8.891547967973378e-6
8.876789521916802e-6
8.862061815816311e-6
8.847364772555098e-6
8.832698315238862e-6
8.818062367205737e-6
8.803456852020346e-6
8.788881693465201e-6
8.774336815560754e-6
8.759822142525513e-6
8.745337598821005e-6
8.730883109124318e-6
8.71645859832312e-6
8.702063991539172e-6
8.687699214109023e-6
8.673364191579561e-6
8.659058849726876e-6
8.644783114537637e-6
8.630536912213352e-6
8.616320169172321e-6
8.602132812048382e-6
8.587974767684165e-6
8.573845963149847e-6
8.559746325714387e-6
8.5456757828585e-6
8.531634262284063e-6
8.51762169188501e-6
8.50363799979309e-6
8.489683114320047e-6
8.475756964005465e-6
8.461859477589426e-6
8.447990584021164e-6
8.434150212443145e-6
8.420338292228178e-6
8.406554752928179e-6
8.392799524319604e-6
8.379072536372995e-6
8.36537371925231e-6
8.351703003351425e-6
8.338060319233973e-6
8.32444559768343e-6
8.310858769672568e-6
8.297299766391135e-6
8.283768519209254e-6
8.270264959698439e-6
8.25678901963157e-6
8.2433406309848e-6
8.229919725913927e-6
8.216526236790896e-6
8.203160096165023e-6
8.189821236777975e-6
8.176509591587922e-6
8.163225093720745e-6
8.149967676515508e-6
8.136737273480058e-6
8.123533818335144e-6
8.110357244975957e-6
8.097207487505854e-6
8.084084480185382e-6
8.070988157501587e-6
8.057918454105102e-6
8.044875304837301e-6
8.03185864473473e-6
8.018868409015406e-6
8.00590453307772e-6
7.992966952505393e-6
7.98005560308704e-6
7.967170420754467e-6
7.954311341663278e-6
7.941478302134702e-6
7.928671238660166e-6
7.915890087929778e-6
7.903134786803723e-6
7.890405272333017e-6
7.877701481740133e-6
7.865023352433834e-6
7.852370821980394e-6
7.839743828143533e-6
7.827142308869827e-6
7.81456620226566e-6
7.8020154466175e-6
7.789489980388187e-6
7.776989742224203e-6
7.764514670927533e-6
7.752064705501973e-6
7.739639785086334e-6
7.727239849032639e-6
7.714864836831074e-6
7.702514688166071e-6
7.690189342886367e-6
7.677888740998033e-6
7.665612822700858e-6
7.653361528338085e-6
7.6411347984483e-6
7.628932573712605e-6
7.616754795002626e-6
7.604601403339391e-6
7.592472339922198e-6
7.580367546100711e-6
7.5682869634124435e-6
7.556230533541089e-6
7.544198198339869e-6
7.532189899840043e-6
7.520205580208709e-6
7.508245181802022e-6
7.496308647118914e-6
7.484395918832832e-6
7.472506939775096e-6
7.460641652935632e-6
7.448800001458945e-6
7.436981928659464e-6
7.425187378007605e-6
7.413416293141589e-6
7.401668617829174e-6
7.389944296030171e-6
7.378243271836047e-6
7.366565489499984e-6
7.354910893459323e-6
7.343279428256811e-6
7.331671038633079e-6
7.320085669455174e-6
7.308523265770804e-6
7.296983772758092e-6
7.285467135757976e-6
7.2739733002652605e-6
7.262502211920135e-6
7.251053816527277e-6
7.239628060028212e-6
7.228224888517764e-6
7.216844248253074e-6
7.205486085623507e-6
7.194150347185506e-6
7.182836979626963e-6
7.171545929801436e-6
7.1602771446900565e-6
7.149030571442319e-6
7.137806157339949e-6
7.126603849818685e-6
7.115423596451822e-6
7.104265344967886e-6
7.093129043235971e-6
7.082014639274775e-6
7.0709220812329945e-6
7.059851317417346e-6
7.0488022962748165e-6
7.037774966389842e-6
7.026769276492927e-6
7.0157851754559705e-6
7.004822612285719e-6
6.993881536149937e-6
6.9829618963326e-6
6.972063642271236e-6
6.96118672354176e-6
6.950331089853684e-6
6.939496691067942e-6
6.928683477161799e-6
6.917891398261917e-6
6.907120404648977e-6
6.896370446719487e-6
6.885641475010175e-6
6.874933440189737e-6
6.864246293082525e-6
6.853579984627212e-6
6.842934465906355e-6
6.8323096881271305e-6
6.8217056026486596e-6
6.8111221609505105e-6
6.800559314648509e-6
6.790017015495506e-6
6.779495215366785e-6
6.768993866267917e-6
6.758512920361593e-6
6.748052329912398e-6
6.737612047324946e-6
6.7271920251318e-6
6.71679221601078e-6
6.70641257275365e-6
6.6960530482753874e-6
6.685713595640106e-6
6.675394168021133e-6
6.665094718737054e-6
6.65481520120895e-6
6.644555569012899e-6
6.6343157758393464e-6
6.624095775500252e-6
6.6138955219315385e-6
6.603714969213327e-6
6.593554071528603e-6
6.583412783197544e-6
6.573291058659846e-6
6.563188852487588e-6
6.553106119360129e-6
6.5430428140952e-6
6.532998891623019e-6
6.522974307005249e-6
6.512969015416256e-6
6.502982972155088e-6
6.49301613265151e-6
6.483068452442362e-6
6.473139887192464e-6
6.4632303926824124e-6
6.453339924818844e-6
6.443468439610851e-6
6.433615893218069e-6
6.423782241886923e-6
6.413967441988778e-6
6.4041714500480895e-6
6.3943942226471956e-6
6.38463571652975e-6
6.374895888537675e-6
6.365174695634583e-6
6.355472094910137e-6
6.345788043551104e-6
6.336122498859474e-6
6.3264754182772355e-6
6.316846759333466e-6
6.307236479681383e-6
6.297644537099647e-6
6.288070889452787e-6
6.278515494747552e-6
6.268978311094287e-6
6.259459296705224e-6
6.249958409911722e-6
6.24047560916923e-6
6.231010853017761e-6
6.221564100135642e-6
6.212135309298787e-6
6.202724439388448e-6
6.1933314494111436e-6
6.18395629846284e-6
6.174598945775584e-6
6.165259350667101e-6
6.155937472571236e-6
6.146633271039711e-6
6.137346705714471e-6
6.128077736361327e-6
6.1188263228437526e-6
6.109592425133966e-6
6.1003760033170905e-6
6.0911770175789735e-6
6.0819954282139625e-6
6.072831195619107e-6
6.063684280300838e-6
6.054554642866676e-6
6.045442244028372e-6
6.0363470446139745e-6
6.027269005536977e-6
6.018208087835383e-6
6.009164252632535e-6
6.000137461160737e-6
5.99112767475898e-6
5.982134854869809e-6
5.973158963034649e-6
5.96419996088971e-6
5.9552578101888126e-6
5.946332472775846e-6
5.937423910608216e-6
5.92853208571494e-6
5.91965696025987e-6
5.910798496488418e-6
5.901956656750533e-6
5.893131403493636e-6
5.884322699267646e-6
5.875530506724182e-6
5.866754788594767e-6
5.857995507733658e-6
5.849252627081085e-6
5.840526109681471e-6
5.831815918663702e-6
5.823122017263589e-6
5.81444436881721e-6
5.8057829367545305e-6
5.7971376845900066e-6
5.788508575944356e-6
5.779895574545994e-6
5.77129864419407e-6
5.7627177487989455e-6
5.754152852361616e-6
5.7456039189780144e-6
5.737070912836615e-6
5.728553798225543e-6
5.720052539519885e-6
5.711567101189784e-6
5.703097447800624e-6
5.6946435440112995e-6
5.686205354568635e-6
5.677782844317223e-6
5.669375978183965e-6
5.6609847212068866e-6
5.652609038501617e-6
5.644248895267395e-6
5.635904256809536e-6
5.627575088514562e-6
5.61926135587069e-6
5.6109630244355145e-6
5.6026800598894154e-6
5.5944124279648955e-6
5.586160094500872e-6
5.577923025439587e-6
5.569701186785989e-6
5.561494544656416e-6
5.553303065233776e-6
5.545126714808922e-6
5.536965459745552e-6
5.528819266505702e-6
5.520688101630662e-6
5.512571931749828e-6
5.504470723583044e-6
5.496384443937056e-6
5.488313059707185e-6
5.480256537850148e-6
5.47221484545152e-6
5.4641879496455775e-6
5.456175817673598e-6
5.448178416841502e-6
5.440195714558801e-6
5.432227678314986e-6
5.4242742756693905e-6
5.4163354742863385e-6
5.408411241906025e-6
5.4005015463405705e-6
5.392606355504529e-6
5.38472563738113e-6
5.376859360038856e-6
5.369007491635359e-6
5.361170000403001e-6
5.353346854655174e-6
5.345538022800462e-6
5.337743473310131e-6
5.329963174747888e-6
5.322197095754215e-6
5.31444520505301e-6
5.306707471452982e-6
5.298983863829602e-6
5.2912743511478524e-6
5.283578902460687e-6
5.275897486877804e-6
5.2682300736103685e-6
5.260576631935953e-6
5.252937131214937e-6
5.245311540887673e-6
5.237699830470542e-6
5.230101969560063e-6
5.222517927823728e-6
5.214947675023858e-6
5.207391180979623e-6
5.199848415601881e-6
5.192319348868056e-6
5.184803950837607e-6
5.177302191651241e-6
5.169814041521044e-6
5.162339470734769e-6
5.1548784496500695e-6
5.1474309487133975e-6
5.139996938444008e-6
5.132576389419271e-6
5.12516927231489e-6
5.11777555787687e-6
5.11039521690873e-6
5.103028220299722e-6
5.0956745390204426e-6
5.08833414410746e-6
5.081007006670283e-6
5.073693097889842e-6
5.0663923890258215e-6
5.059104851416578e-6
5.051830456453133e-6
5.04456917562204e-6
5.037320980463291e-6
5.030085842610063e-6
5.022863733739053e-6
5.015654625632995e-6
5.008458490113286e-6
5.00127529909594e-6
4.994105024556357e-6
4.9869476385485875e-6
4.979803113186855e-6
4.972671420667551e-6
4.965552533248441e-6
4.9584464232638095e-6
4.951353063113243e-6
4.944272425272227e-6
4.937204482271539e-6
4.930149206733945e-6
4.923106571329256e-6
4.916076548809709e-6
4.909059111996402e-6
4.902054233765511e-6
4.895061887077887e-6
4.888082044953552e-6
4.881114680483592e-6
4.874159766817758e-6
4.867217277194823e-6
4.860287184894999e-6
4.853369463282678e-6
4.8464640857890825e-6
4.8395710259000805e-6
4.832690257177702e-6
4.8258217532520965e-6
4.8189654878120765e-6
4.812121434616395e-6
4.805289567490751e-6
4.798469860324039e-6
4.791662287077981e-6
4.784866821763339e-6
4.778083438469513e-6
4.771312111348963e-6
4.764552814621433e-6
4.75780552255208e-6
4.7510702095038185e-6
4.744346849868686e-6
4.737635418131469e-6
4.730935888815512e-6
4.724248236533789e-6
4.7175724359433995e-6
4.710908461766099e-6
4.704256288802569e-6
4.697615891892081e-6
4.690987245961135e-6
4.684370325976196e-6
4.677765106985345e-6
4.671171564083635e-6
4.664589672439608e-6
4.658019407274325e-6
4.651460743887953e-6
4.64491365761399e-6
4.6383781238669415e-6
4.631854118121292e-6
4.625341615905214e-6
4.618840592821564e-6
4.6123510245010525e-6
4.605872886678947e-6
4.59940615511851e-6
4.592950805659023e-6
4.586506814189345e-6
4.580074156669187e-6
4.573652809101861e-6
4.567242747574093e-6
4.560843948206909e-6
4.554456387191125e-6
4.548080040783644e-6
4.54171488528531e-6
4.535360897066758e-6
4.529018052552038e-6
4.522686328231418e-6
4.516365700632559e-6
4.510056146358886e-6
4.5037576420790395e-6
4.497470164496943e-6
4.491193690385143e-6
4.4849281965804685e-6
4.478673659955022e-6
4.472430057465802e-6
4.46619736611364e-6
4.4599755629449e-6
4.453764625083836e-6
4.447564529678931e-6
4.441375253983642e-6
4.435196775260644e-6
4.429029070847557e-6
4.422872118149486e-6
4.416725894605343e-6
4.410590377721177e-6
4.4044655450526835e-6
4.398351374217192e-6
4.392247842879772e-6
4.3861549287732695e-6
4.3800726096594235e-6
4.374000863387279e-6
4.3679396678349646e-6
4.361889000942042e-6
4.355848840704465e-6
4.349819165179015e-6
4.343799952451976e-6
4.337791180691811e-6
4.331792828102076e-6
4.325804872943689e-6
4.319827293535702e-6
4.313860068246478e-6
4.307903175494227e-6
4.301956592821292e-6
4.296020300603848e-6
4.290094276502566e-6
4.284178499144008e-6
4.278272947211919e-6
4.272377599444968e-6
4.266492434623447e-6
4.260617431587042e-6
4.254752569222575e-6
4.2488978264781175e-6
4.243053182334036e-6
4.2372186158407e-6
4.231394106083916e-6
4.2255796322155915e-6
4.219775173429279e-6
4.213980708967142e-6
4.208196218126436e-6
4.202421680244323e-6
4.196657074731257e-6
4.1909023810266765e-6
4.1851575786148776e-6
4.1794226470559845e-6
4.173697565937654e-6
4.167982314907692e-6
4.162276873647611e-6
4.156581221916776e-6
4.150895339485734e-6
4.145219206209833e-6
4.139552801970617e-6
4.133896106709062e-6
4.1282491004078e-6
4.1226117630954756e-6
4.116984074862699e-6
4.111366015831008e-6
4.105757566178878e-6
4.100158706139347e-6
4.094569415980437e-6
4.088989676016979e-6
4.083419466624116e-6
4.077858768211896e-6
4.072307561245987e-6
4.066765826227986e-6
4.061233543726222e-6
4.0557106943306165e-6
4.050197258692159e-6
